42
38
21
-1
25
91
57
15
-1
-1
59
-1
60
64
-1
-1
-1
95
34
34
-1
-1
0
-1
28
-1
10
-1
-1
24
4
79
-1
56
9
69
31
-1
57
89
9
63
-1
-1
-1
56
14
-1
0
-1
-1
-1
34
-1
-1
-1
-1
51
57
-1
90
75
41
88
-1
-1
29
13
17
-1
-1
-1
-1
100
99
-1
-1
78
-1
72
-1
47
21
96
-1
24
74
42
-1
-1
51
-1
4
38
24
16
-1
-1
-1
-1
-1
95
73
4
-1
-1
-1
56
75
18
-1
-1
-1
18
22
80
83
88
70
38
38
24
31
-1
92
79
-1
29
84
76
15
-1
-1
41
29
56
9
-1
-1
-1
40
-1
-1
44
27
-1
-1
20
95
-1
-1
-1
-1
-1
99
-1
12
-1
-1
-1
-1
-1
32
-1
-1
19
-1
11
99
-1
6
-1
-1
43
-1
34
-1
64
55
-1
35
20
51
97
83
33
-1
22
55
83
-1
-1
21
26
93
56
-1
55
73
-1
-1
-1
-1
-1
95
58
81
83
-1
42
-1
24
12
42
-1
14
36
-1
-1
-1
-1
62
30
59
-1
13
37
63
63
-1
-1
87
40
-1
-1
18
-1
-1
66
77
-1
35
36
-1
55
-1
-1
-1
19
19
22
99
22
69
-1
-1
-1
35
-1
-1
-1
1
77
-1
81
3
38
-1
-1
41
-1
-1
-1
24
43
40
42
23
-1
45
-1
-1
84
93
11
35
-1
87
78
46
12
81
84
-1
51
-1
-1
57
-1
-1
26
-1
-1
-1
2
-1
-1
52
3
20
-1
17
5
-1
-1
37
-1
58
86
59
-1
36
40
21
-1
65
23
-1
85
-1
-1
-1
-1
32
-1
83
25
-1
-1
-1
-1
48
40
67
6
-1
24
-1
41
67
73
-1
-1
33
-1
-1
-1
8
-1
-1
-1
-1
-1
22
-1
16
2
79
-1
-1
-1
-1
-1
-1
67
0
84
-1
-1
-1
-1
-1
-1
-1
-1
-1
-1
-1
80
95
-1
0
28
52
-1
89
-1
-1
-1
89
13
-1
26
66
-1
-1
-1
79
1
-1
48
0
-1
64
-1
1
-1
-1
3
42
51
-1
-1
59
-1
39
49
38
-1
13
32
-1
-1
-1
-1
-1
55
54
-1
-1
11
-1
-1
-1
78
-1
94
48
-1
-1
-1
-1
-1
-1
-1
-1
-1
-1
-1
14
-1
-1
-1
-1
-1
-1
35
37
75
53
49
-1
10
-1
-1
16
30
-1
23
70
3
-1
10
90
83
31
-1
49
-1
-1
36
-1
80
-1
-1
63
62
-1
13
-1
95
-1
33
61
92
50
-1
88
95
-1
50
7
17
86
-1
80
-1
95
47
-1
-1
-1
9
17
87
92
-1
-1
9
52
-1
-1
-1
-1
69
78
-1
-1
90
56
19
-1
-1
-1
56
-1
41
19
-1
-1
78
-1
33
66
-1
-1
22
-1
-1
-1
41
74
55
-1
-1
-1
83
12
81
-1
-1
-1
42
28
-1
-1
-1
-1
-1
-1
31
20
86
86
65
-1
80
82
30
81
23
-1
38
-1
-1
-1
63
-1
2
23
80
96
84
40
-1
-1
85
31
31
68
-1
89
68
86
-1
-1
37
-1
-1
98
-1
36
-1
-1
-1
-1
-1
50
58
-1
-1
52
-1
65
27
-1
0
92
-1
-1
-1
54
95
-1
28
-1
-1
12
-1
-1
79
70
18
-1
34
5
-1
-1
37
-1
-1
-1
-1
24
82
-1
-1
-1
42
-1
-1
-1
-1
-1
2
-1
63
47
72
43
12
-1
2
-1
89
35
-1
-1
-1
-1
31
41
-1
87
47
99
63
32
-1
27
-1
-1
54
64
86
29
-1
16
64
-1
-1
97
7
71
-1
-1
-1
-1
86
-1
-1
-1
-1
-1
-1
0
65
-1
-1
-1
-1
43
0
67
70
-1
-1
-1
91
42
77
-1
75
-1
-1
-1
-1
82
70
-1
78
-1
19
16
31
72
-1
-1
-1
-1
-1
-1
74
19
-1
59
90
72
98
-1
85
-1
-1
-1
27
28
98
-1
-1
81
61
68
50
-1
6
12
49
-1
77
41
77
-1
-1
74
51
-1
30
54
-1
-1
33
-1
-1
-1
-1
-1
16
-1
30
-1
58
29
-1
83
-1
-1
37
-1
23
30
87
33
24
-1
-1
51
20
65
-1
63
-1
-1
-1
-1
-1
100
-1
100
-1
38
-1
-1
74
-1
35
-1
18
15
-1
-1
-1
58
-1
47
-1
-1
-1
21
24
-1
69
93
-1
-1
70
74
34
89
-1
-1
-1
-1
31
-1
4
-1
-1
-1
22
11
52
58
-1
-1
35
-1
45
32
-1
47
61
94
14
-1
-1
-1
50
-1
21
-1
-1
-1
-1
-1
3
98
-1
-1
-1
0
-1
-1
47
47
-1
14
-1
-1
99
78
-1
1
61
-1
15
-1
41
65
-1
70
-1
57
69
94
85
63
82
-1
-1
34
87
52
-1
44
100
100
2
42
40
32
-1
-1
-1
92
-1
50
-1
46
-1
-1
23
-1
-1
27
3
39
50
69
-1
-1
12
43
-1
42
-1
66
-1
50
68
-1
50
40
-1
11
35
68
-1
-1
-1
85
-1
30
100
58
-1
-1
14
44
-1
11
-1
-1
56
-1
-1
-1
93
85
-1
-1
-1
-1
-1
-1
28
-1
98
74
-1
46
-1
-1
-1
-1
63
-1
-1
-1
-1
70
-1
-1
-1
-1
-1
8
52
-1
-1
48
-1
23
-1
-1
-1
-1
98
69
-1
-1
-1
-1
27
4
-1
-1
-1
-1
40
70
14
2
-1
27
-1
-1
-1
93
29
16
-1
31
97
-1
52
34
46
-1
33
58
-1
40
8
-1
66
-1
-1
91
-1
-1
-1
-1
37
-1
22
25
-1
-1
-1
62
13
-1
-1
-1
93
-1
-1
-1
24
-1
16
-1
-1
-1
53
61
-1
98
-1
46
57
-1
25
6
53
26
-1
-1
71
54
-1
-1
22
64
20
-1
27
45
-1
-1
90
-1
60
-1
-1
-1
-1
-1
-1
40
100
-1
26
80
-1
48
80
79
-1
93
-1
37
70
89
83
9
74
75
-1
54
-1
19
-1
-1
-1
-1
-1
-1
51
-1
59
-1
14
57
-1
50
45
-1
-1
-1
-1
-1
37
99
-1
-1
-1
10
54
-1
-1
-1
66
-1
86
33
-1
-1
14
-1
19
-1
-1
6
-1
71
-1
95
-1
-1
87
-1
-1
-1
-1
78
-1
0
-1
21
25
-1
29
63
2
61
45
76
-1
-1
98
-1
73
62
-1
-1
-1
-1
62
-1
2
-1
-1
69
30
35
76
67
-1
-1
-1
-1
-1
-1
5
-1
64
-1
21
14
-1
-1
-1
-1
-1
-1
42
-1
75
-1
75
65
-1
100
-1
48
-1
-1
52
-1
-1
81
38
16
21
-1
71
-1
38
44
-1
43
-1
-1
-1
-1
-1
66
100
-1
-1
75
-1
60
55
61
80
44
21
37
85
-1
63
69
8
-1
-1
-1
70
87
-1
88
34
72
-1
39
-1
-1
6
-1
-1
-1
-1
97
-1
-1
-1
6
-1
-1
-1
64
-1
46
-1
14
-1
98
17
79
99
41
30
2
-1
-1
30
84
23
-1
-1
-1
-1
14
-1
-1
7
-1
79
16
-1
0
62
1
28
-1
18
94
74
36
-1
32
-1
64
66
-1
-1
-1
82
-1
11
-1
-1
82
62
34
20
-1
-1
72
59
29
56
-1
25
-1
-1
98
49
26
32
21
-1
94
59
18
-1
86
0
-1
93
15
-1
-1
82
17
40
-1
-1
-1
-1
-1
12
-1
98
17
-1
70
-1
-1
-1
53
28
-1
-1
59
-1
-1
-1
38
-1
-1
14
51
92
56
92
32
24
-1
-1
-1
-1
-1
-1
-1
-1
-1
-1
-1
67
27
26
-1
73
-1
-1
73
-1
-1
41
-1
22
-1
-1
66
74
44
-1
-1
48
5
78
-1
40
-1
11
29
41
-1
-1
50
9
-1
-1
88
43
-1
82
-1
10
-1
-1
-1
-1
1
-1
-1
18
-1
-1
-1
-1
13
94
13
93
93
-1
-1
22
70
-1
-1
-1
78
-1
-1
98
40
8
75
-1
1
23
72
-1
76
-1
-1
-1
71
86
-1
47
-1
-1
-1
-1
-1
-1
-1
-1
-1
63
10
38
12
91
42
-1
96
77
26
83
6
-1
33
-1
92
15
-1
40
61
74
-1
-1
-1
-1
86
21
-1
-1
86
-1
2
45
-1
-1
-1
17
13
-1
-1
91
-1
53
-1
-1
83
-1
69
96
-1
73
-1
89
67
-1
-1
-1
30
-1
-1
-1
13
-1
-1
-1
53
81
85
98
-1
40
-1
78
-1
-1
65
-1
41
12
-1
49
-1
6
-1
-1
51
37
-1
75
68
2
20
-1
51
-1
63
35
-1
-1
-1
-1
-1
-1
-1
48
-1
95
14
-1
-1
-1
-1
-1
-1
89
43
-1
-1
-1
-1
-1
61
-1
65
97
-1
-1
-1
85
-1
47
96
-1
-1
-1
-1
-1
-1
75
72
-1
98
-1
100
-1
-1
-1
58
50
94
7
-1
37
-1
-1
-1
-1
24
65
-1
-1
-1
64
38
91
13
-1
89
-1
26
37
-1
-1
24
-1
-1
57
50
62
-1
42
9
37
-1
3
56
-1
91
-1
-1
-1
-1
-1
18
-1
9
-1
86
34
-1
75
-1
80
-1
51
-1
-1
70
86
-1
-1
-1
70
66
-1
93
-1
21
23
-1
20
-1
-1
-1
45
-1
69
-1
60
-1
-1
97
-1
-1
-1
-1
-1
45
29
83
42
-1
5
-1
-1
-1
32
-1
-1
-1
-1
-1
57
-1
79
-1
20
-1
14
30
57
-1
-1
49
-1
74
-1
16
-1
26
33
42
-1
-1
-1
-1
-1
12
61
-1
-1
89
-1
44
-1
-1
-1
-1
-1
41
95
29
62
92
-1
44
-1
76
46
79
44
38
86
7
-1
-1
88
13
-1
15
69
-1
21
-1
-1
-1
3
-1
-1
-1
-1
17
95
99
-1
26
-1
-1
-1
-1
86
-1
48
87
97
-1
-1
93
80
93
-1
99
32
80
1
84
-1
-1
79
68
-1
-1
57
-1
-1
92
6
-1
-1
90
95
-1
-1
42
-1
-1
-1
-1
96
-1
60
-1
60
64
-1
10
-1
-1
-1
-1
-1
31
26
-1
94
-1
28
-1
-1
-1
-1
-1
23
4
87
-1
50
-1
18
60
95
-1
-1
8
-1
-1
48
-1
51
-1
56
34
19
49
37
51
71
40
-1
-1
32
-1
-1
68
-1
34
-1
-1
88
-1
-1
32
72
-1
53
87
-1
-1
-1
26
-1
79
6
75
66
-1
34
-1
86
12
-1
16
84
58
50
36
-1
9
35
-1
-1
-1
-1
-1
-1
56
1
44
28
78
-1
61
-1
48
-1
8
-1
58
-1
60
81
-1
10
-1
3
2
58
-1
78
-1
86
69
36
-1
21
-1
-1
-1
16
98
11
-1
97
-1
14
-1
-1
40
-1
74
60
68
11
-1
-1
92
6
-1
19
-1
-1
78
-1
1
42
36
42
-1
-1
-1
-1
3
93
95
-1
40
-1
65
-1
67
17
-1
-1
58
67
40
34
-1
-1
-1
71
46
-1
69
95
-1
25
-1
34
17
60
95
-1
-1
-1
-1
41
-1
-1
-1
74
86
2
44
76
39
-1
-1
-1
77
-1
72
-1
-1
95
-1
11
-1
77
82
49
79
40
-1
-1
85
21
-1
67
-1
71
-1
-1
-1
-1
-1
39
-1
-1
-1
-1
-1
39
96
91
-1
90
-1
-1
9
-1
67
91
-1
-1
8
39
86
-1
-1
67
16
55
-1
-1
38
44
88
-1
-1
-1
-1
93
-1
-1
51
22
-1
26
53
-1
-1
-1
-1
66
85
8
25
-1
100
27
64
35
76
67
-1
61
36
97
19
55
91
93
-1
35
31
-1
-1
-1
-1
25
19
58
59
56
-1
-1
-1
-1
-1
-1
-1
-1
-1
98
-1
63
18
12
-1
15
0
50
-1
41
-1
48
-1
-1
46
77
-1
51
-1
-1
6
93
21
-1
-1
-1
-1
-1
59
-1
-1
-1
-1
78
-1
63
74
-1
-1
-1
23
-1
86
90
40
50
58
23
41
24
-1
2
-1
61
42
-1
-1
99
-1
58
17
-1
55
-1
-1
-1
-1
-1
49
97
100
82
17
-1
31
3
-1
18
82
-1
-1
75
44
-1
-1
-1
-1
67
-1
-1
-1
71
37
-1
90
88
26
-1
12
35
61
34
-1
-1
-1
-1
-1
31
-1
-1
-1
29
-1
67
30
99
43
8
88
85
86
73
-1
54
18
13
-1
-1
62
-1
60
4
-1
-1
-1
74
60
47
90
-1
14
0
33
47
-1
-1
-1
66
69
-1
91
-1
60
-1
-1
-1
11
33
12
5
40
-1
98
-1
-1
-1
-1
-1
-1
99
-1
3
57
-1
64
-1
94
-1
98
-1
-1
-1
20
13
82
96
-1
73
87
87
-1
99
-1
-1
-1
-1
39
83
-1
25
15
61
56
74
75
74
-1
-1
-1
-1
-1
-1
82
-1
-1
75
28
88
22
30
-1
-1
-1
68
-1
-1
-1
-1
-1
81
26
4
-1
73
47
95
80
-1
-1
9
-1
-1
2
-1
98
-1
-1
-1
-1
-1
53
3
64
-1
-1
-1
53
41
-1
41
-1
-1
-1
62
0
-1
-1
-1
3
-1
-1
-1
72
-1
-1
-1
53
3
-1
-1
-1
17
17
13
70
42
99
-1
12
61
-1
-1
51
-1
-1
-1
-1
-1
-1
31
60
-1
28
-1
-1
-1
-1
34
27
54
70
20
53
-1
9
-1
-1
-1
92
-1
71
46
-1
32
-1
86
51
10
66
-1
13
-1
-1
-1
-1
42
75
-1
76
-1
25
6
-1
69
95
-1
-1
-1
-1
66
88
39
-1
-1
-1
22
-1
-1
-1
32
21
-1
76
-1
-1
45
-1
3
62
9
83
65
92
-1
87
-1
77
-1
-1
16
30
-1
47
71
-1
-1
-1
-1
-1
28
46
-1
49
8
-1
-1
92
38
-1
28
-1
47
18
-1
15
95
-1
16
61
-1
2
-1
81
-1
89
-1
79
29
-1
79
26
82
47
79
-1
65
-1
-1
33
-1
-1
18
27
-1
-1
-1
7
32
-1
88
75
-1
-1
-1
-1
-1
-1
-1
40
79
77
41
-1
-1
-1
-1
75
-1
54
-1
59
41
2
86
-1
-1
-1
-1
-1
21
-1
-1
21
-1
75
-1
57
78
-1
-1
43
78
52
-1
36
-1
-1
-1
81
7
-1
-1
64
17
5
-1
40
3
-1
-1
-1
-1
-1
87
-1
-1
-1
58
23
33
-1
-1
-1
54
-1
-1
-1
-1
74
-1
67
94
-1
-1
56
-1
-1
-1
33
-1
-1
-1
98
12
-1
26
-1
77
80
-1
-1
28
8
59
-1
-1
-1
88
74
64
71
71
-1
46
85
-1
99
58
35
95
-1
54
70
-1
-1
-1
31
17
-1
-1
-1
94
-1
69
-1
-1
-1
-1
63
5
17
50
47
-1
-1
-1
5
75
70
-1
-1
38
-1
-1
13
-1
5
-1
-1
28
10
-1
47
34
47
-1
82
81
-1
26
-1
-1
-1
71
-1
17
88
6
54
55
-1
-1
35
-1
64
3
-1
99
43
-1
92
5
-1
-1
22
82
-1
-1
-1
10
-1
48
50
-1
1
-1
60
-1
-1
90
72
-1
-1
-1
44
-1
-1
89
-1
52
-1
5
-1
-1
-1
22
45
-1
-1
64
-1
7
77
78
-1
61
-1
64
35
86
-1
-1
84
2
92
-1
38
-1
99
12
9
-1
-1
35
83
24
0
-1
-1
-1
93
65
-1
-1
63
41
-1
-1
-1
41
84
75
83
-1
-1
90
-1
-1
55
60
31
90
-1
0
78
-1
0
4
18
-1
-1
-1
-1
-1
-1
-1
-1
-1
-1
96
74
-1
80
69
-1
98
13
-1
49
30
78
83
68
55
54
-1
54
-1
-1
-1
40
-1
-1
-1
47
-1
85
72
59
-1
-1
-1
-1
67
-1
40
-1
-1
19
-1
-1
-1
-1
36
-1
54
87
-1
-1
37
-1
6
-1
-1
2
-1
-1
-1
36
90
3
-1
12
81
12
3
27
-1
-1
27
-1
-1
-1
65
-1
-1
-1
86
91
42
-1
-1
62
-1
40
40
82
54
-1
17
78
34
8
78
-1
23
79
99
-1
-1
50
24
-1
73
-1
-1
26
83
4
90
-1
-1
-1
-1
-1
16
30
-1
46
93
26
6
48
81
41
19
-1
-1
58
74
-1
-1
-1
-1
50
-1
79
-1
52
67
-1
-1
-1
-1
15
2
79
82
71
59
0
-1
-1
70
-1
50
80
24
19
49
10
78
47
-1
-1
-1
-1
33
41
-1
-1
-1
-1
56
-1
97
94
51
-1
69
-1
90
49
91
58
-1
84
-1
86
30
-1
7
-1
97
26
-1
-1
27
-1
-1
54
38
-1
70
81
100
-1
44
8
48
-1
15
-1
-1
51
98
95
100
96
43
-1
-1
88
41
55
-1
-1
42
31
-1
62
97
81
34
81
96
92
51
73
25
-1
60
85
-1
-1
-1
88
87
-1
-1
99
61
64
-1
39
35
68
82
-1
84
71
-1
36
72
-1
-1
48
49
-1
-1
-1
-1
35
-1
-1
37
25
80
-1
82
-1
-1
73
14
-1
-1
69
19
43
86
10
-1
76
-1
48
-1
-1
52
30
33
-1
43
62
85
-1
84
44
-1
97
-1
-1
-1
10
-1
73
-1
11
69
-1
-1
38
-1
-1
-1
-1
9
-1
-1
36
8
64
-1
49
40
95
-1
95
-1
43
49
59
56
25
10
-1
36
-1
56
16
-1
-1
43
-1
-1
74
87
98
-1
-1
-1
15
-1
3
-1
-1
-1
97
52
-1
70
-1
-1
-1
-1
-1
76
3
-1
58
66
77
-1
17
-1
82
37
-1
38
15
-1
-1
-1
-1
-1
55
-1
-1
53
-1
44
16
-1
19
-1
-1
-1
-1
-1
-1
-1
72
30
44
48
-1
93
-1
-1
100
-1
-1
7
-1
-1
35
-1
48
92
-1
-1
-1
76
-1
55
64
-1
-1
59
-1
98
68
16
-1
-1
88
35
-1
-1
3
77
100
-1
-1
29
-1
-1
-1
97
0
80
58
-1
61
76
-1
1
8
-1
-1
-1
12
37
9
-1
19
49
-1
85
57
-1
-1
-1
47
81
91
86
-1
-1
74
87
70
-1
98
93
16
-1
33
-1
-1
64
-1
-1
-1
-1
-1
83
98
-1
57
-1
-1
8
-1
-1
-1
-1
-1
-1
-1
-1
100
-1
42
11
21
-1
-1
10
40
37
68
15
71
-1
-1
83
-1
-1
-1
49
100
-1
63
-1
58
-1
-1
55
-1
95
44
50
-1
-1
-1
-1
-1
-1
-1
34
-1
-1
65
17
94
-1
-1
-1
-1
72
32
0
84
-1
-1
82
10
-1
60
-1
15
-1
-1
-1
-1
59
-1
-1
-1
19
-1
-1
2
-1
-1
57
77
-1
75
-1
55
8
61
-1
85
-1
85
-1
-1
-1
-1
-1
37
15
48
-1
-1
85
85
94
81
53
19
-1
-1
39
26
68
44
63
-1
-1
-1
-1
-1
78
-1
-1
40
-1
82
-1
94
-1
45
-1
50
-1
-1
59
57
-1
-1
64
93
63
80
88
-1
-1
-1
-1
41
-1
-1
18
-1
-1
-1
-1
55
-1
40
2
-1
50
-1
63
-1
-1
88
-1
89
-1
-1
15
-1
93
-1
52
4
66
51
50
61
-1
78
77
-1
46
6
92
0
-1
-1
49
90
-1
17
-1
5
18
69
65
11
-1
15
-1
89
-1
1
-1
-1
-1
54
-1
100
-1
4
63
61
-1
-1
77
-1
3
-1
-1
-1
-1
-1
73
18
20
-1
80
-1
99
-1
-1
-1
-1
-1
25
21
-1
24
41
100
47
-1
13
61
-1
45
-1
-1
18
-1
-1
83
-1
-1
69
-1
-1
-1
45
22
-1
22
-1
-1
41
63
-1
79
-1
8
76
66
-1
-1
-1
40
-1
17
-1
10
40
-1
-1
56
78
93
-1
-1
-1
-1
-1
-1
17
-1
2
-1
-1
0
-1
-1
-1
-1
-1
-1
-1
8
-1
-1
37
100
-1
32
-1
-1
-1
77
6
-1
83
73
-1
-1
58
89
-1
-1
-1
-1
-1
73
25
-1
60
44
98
-1
69
1
14
66
85
-1
-1
73
64
11
16
-1
-1
-1
4
-1
46
73
-1
51
96
25
13
-1
69
24
-1
-1
-1
-1
39
-1
57
-1
-1
82
80
65
92
60
-1
-1
-1
-1
-1
49
-1
-1
75
30
-1
-1
47
-1
85
-1
59
70
-1
21
6
-1
81
-1
-1
-1
-1
-1
-1
81
-1
-1
68
58
71
93
-1
44
38
91
-1
6
70
-1
28
-1
-1
81
-1
-1
-1
-1
44
-1
28
-1
-1
-1
-1
83
-1
91
64
0
-1
-1
-1
60
-1
-1
-1
-1
45
-1
-1
32
92
-1
100
-1
41
-1
49
-1
-1
54
44
12
-1
71
-1
-1
50
90
-1
25
96
56
-1
98
-1
-1
24
-1
-1
81
75
77
58
-1
-1
62
68
-1
-1
64
54
82
65
90
91
-1
-1
90
5
-1
16
-1
-1
2
7
-1
97
-1
30
27
-1
22
61
71
-1
-1
36
-1
69
-1
79
-1
4
60
-1
-1
4
71
-1
3
96
-1
-1
-1
-1
-1
-1
-1
-1
0
-1
30
80
35
-1
86
40
80
-1
-1
-1
-1
90
-1
-1
55
-1
91
65
-1
-1
82
1
-1
78
-1
68
58
-1
7
42
-1
-1
-1
-1
-1
19
62
39
2
-1
-1
92
-1
-1
78
-1
-1
-1
39
-1
-1
40
38
27
27
70
-1
-1
-1
-1
-1
87
-1
94
-1
13
40
20
-1
97
20
17
-1
31
60
36
-1
-1
-1
28
33
90
-1
63
67
-1
-1
27
-1
-1
-1
49
74
-1
46
50
95
69
-1
-1
-1
79
79
-1
-1
-1
42
6
15
-1
47
23
57
-1
-1
-1
-1
-1
-1
-1
-1
-1
14
-1
80
-1
29
36
-1
85
32
-1
95
-1
17
16
6
65
-1
-1
-1
43
23
56
79
10
-1
70
-1
-1
-1
-1
-1
5
45
69
-1
66
37
-1
-1
-1
1
-1
54
36
-1
-1
-1
69
66
70
-1
11
-1
32
6
-1
-1
-1
44
-1
86
-1
-1
-1
3
-1
5
-1
36
-1
75
-1
35
4
17
-1
5
34
-1
-1
-1
10
-1
60
-1
71
31
-1
-1
15
6
89
-1
49
-1
-1
66
-1
-1
-1
-1
71
21
-1
-1
-1
63
71
72
93
-1
31
1
64
-1
-1
3
67
-1
-1
-1
11
31
-1
-1
-1
-1
72
-1
72
-1
96
-1
-1
-1
8
-1
92
26
-1
41
-1
-1
82
-1
65
11
36
36
28
-1
-1
32
-1
-1
-1
-1
-1
60
15
-1
12
-1
-1
78
27
96
93
-1
-1
-1
-1
-1
51
42
-1
80
-1
11
-1
-1
4
14
-1
-1
21
100
-1
-1
-1
41
61
-1
-1
-1
-1
83
-1
79
100
87
51
-1
-1
-1
2
23
7
-1
-1
-1
-1
30
32
-1
-1
72
-1
27
-1
-1
-1
2
-1
-1
92
45
-1
67
-1
-1
38
60
16
72
-1
19
45
-1
92
-1
23
-1
64
27
-1
85
94
8
10
-1
-1
-1
-1
61
-1
98
-1
36
60
-1
-1
-1
-1
37
84
8
10
84
-1
68
14
-1
-1
70
88
-1
63
-1
6
-1
-1
-1
38
55
-1
-1
-1
76
-1
19
-1
-1
7
50
18
7
14
-1
24
-1
24
-1
-1
-1
-1
90
77
-1
-1
46
-1
89
-1
56
16
-1
-1
16
80
-1
81
77
88
-1
28
-1
-1
-1
-1
-1
-1
72
-1
-1
-1
60
-1
25
51
-1
-1
15
22
94
-1
7
-1
-1
50
-1
-1
-1
-1
88
42
-1
30
-1
31
-1
-1
36
-1
80
-1
-1
-1
-1
5
99
-1
17
-1
86
79
74
98
11
-1
77
-1
30
-1
98
7
-1
-1
-1
31
56
69
66
-1
73
76
-1
30
-1
-1
43
14
-1
38
-1
93
87
-1
73
-1
-1
-1
-1
-1
-1
-1
11
4
94
-1
-1
-1
-1
-1
42
-1
-1
44
50
-1
-1
71
-1
-1
78
85
-1
10
97
99
80
-1
100
14
64
87
32
-1
96
-1
54
-1
54
88
93
-1
-1
50
-1
4
-1
-1
-1
-1
-1
-1
-1
96
73
93
79
23
-1
48
-1
-1
-1
-1
98
55
59
15
0
-1
95
36
-1
26
90
1
-1
-1
-1
-1
10
65
-1
22
-1
-1
71
-1
-1
99
-1
8
11
28
17
-1
-1
20
-1
23
95
10
-1
-1
-1
-1
10
-1
-1
10
-1
46
-1
-1
88
86
-1
-1
29
-1
-1
-1
16
-1
23
24
87
84
62
59
89
-1
-1
28
-1
51
-1
21
27
26
-1
80
88
-1
6
37
80
46
-1
-1
36
-1
50
1
-1
90
-1
-1
78
59
41
94
-1
58
4
-1
-1
51
-1
11
32
16
2
-1
-1
4
-1
94
66
74
44
-1
45
-1
-1
-1
32
30
72
7
-1
-1
-1
-1
-1
30
7
-1
-1
-1
31
16
-1
-1
-1
80
-1
67
-1
-1
-1
15
82
39
-1
93
-1
-1
86
28
-1
-1
54
-1
-1
76
-1
57
24
62
98
1
-1
-1
100
16
47
-1
-1
-1
-1
86
-1
34
-1
55
-1
72
-1
-1
86
-1
48
9
47
-1
73
-1
-1
44
11
68
-1
-1
59
-1
-1
29
41
0
96
98
3
-1
-1
84
-1
91
76
-1
49
-1
-1
-1
-1
63
23
77
-1
-1
20
31
-1
26
-1
-1
20
-1
3
-1
-1
34
-1
86
-1
-1
-1
47
-1
-1
-1
77
-1
-1
-1
-1
-1
-1
51
11
67
4
17
-1
60
27
55
-1
2
63
-1
-1
-1
7
41
46
-1
55
33
-1
68
44
-1
-1
-1
81
17
-1
14
13
-1
22
91
2
2
99
73
-1
30
40
92
77
-1
46
12
80
76
-1
-1
83
-1
-1
17
-1
-1
-1
-1
-1
58
-1
98
57
95
-1
-1
-1
-1
45
51
78
50
83
17
